dims: 128, rows: 50, mode: LoadMode.ONE_HOT
TP: 396, FP: 25, TN: 521, FN: 150
Prec: 0.9406175771971497, Recall: 0.7252747252747253, F1: 0.8190279214064116 
TP: 404, FP: 52, TN: 494, FN: 142
Prec: 0.8859649122807017, Recall: 0.73992673992674, F1: 0.8063872255489022 
TP: 421, FP: 47, TN: 499, FN: 125
Prec: 0.8995726495726496, Recall: 0.7710622710622711, F1: 0.8303747534516766 
TP: 457, FP: 42, TN: 504, FN: 89
Prec: 0.9158316633266533, Recall: 0.836996336996337, F1: 0.8746411483253589 
TP: 378, FP: 106, TN: 440, FN: 168
Prec: 0.78099173553719, Recall: 0.6923076923076923, F1: 0.7339805825242719 
