dims: 128, rows: 50, mode: LoadMode.ONE_HOT
TP: 276, FP: 98, TN: 454, FN: 277
Prec: 0.7379679144385026, Recall: 0.49909584086799275, F1: 0.5954692556634305 
TP: 295, FP: 32, TN: 520, FN: 258
Prec: 0.9021406727828746, Recall: 0.5334538878842676, F1: 0.6704545454545454 
TP: 255, FP: 36, TN: 519, FN: 299
Prec: 0.8762886597938144, Recall: 0.4602888086642599, F1: 0.6035502958579881 
TP: 405, FP: 46, TN: 506, FN: 148
Prec: 0.8980044345898004, Recall: 0.7323688969258589, F1: 0.8067729083665338 
TP: 378, FP: 82, TN: 473, FN: 176
Prec: 0.8217391304347826, Recall: 0.6823104693140795, F1: 0.7455621301775148 
