dims: 128, rows: 50, mode: LoadMode.ONE_HOT
TP: 479, FP: 31, TN: 479, FN: 31
Prec: 0.9392156862745098, Recall: 0.9392156862745098, F1: 0.9392156862745098 
TP: 326, FP: 17, TN: 493, FN: 184
Prec: 0.9504373177842566, Recall: 0.6392156862745098, F1: 0.7643610785463072 
TP: 424, FP: 18, TN: 492, FN: 86
Prec: 0.9592760180995475, Recall: 0.8313725490196079, F1: 0.8907563025210085 
TP: 426, FP: 57, TN: 453, FN: 84
Prec: 0.8819875776397516, Recall: 0.8352941176470589, F1: 0.8580060422960725 
TP: 435, FP: 17, TN: 493, FN: 76
Prec: 0.9623893805309734, Recall: 0.8512720156555773, F1: 0.9034267912772586 
